#Number of Keys Required to generate
NUM_OF_ACCOUNTS=7

CLIENT_ID=0.0.6911
CLIENT_PRIVATE_KEY=e563e25da29c40acedb7a7f6fe3ddfb502d33feb4cfae7aa7b4564b8ec834b4f

ACCOUNT_1_ID =  0.0.11631
ACCOUNT_1_PRIVATE_KEY = 302e020100300506032b6570042204209149ed17f75ce2244821f39cf78055c876a9c997c8e2b5b5461f43be46cfca5d

ACCOUNT_2_ID = 0.0.11633
ACCOUNT_2_PRIVATE_KEY = 302e020100300506032b657004220420e91225c4ae85064b0791f43a25572ab1e8c75092856f466ec646ce1b8e83a5b9

ACCOUNT_3_ID = 0.0.11635
ACCOUNT_3_PRIVATE_KEY = 302e020100300506032b657004220420efd557d641c3991e53788358887d83af349a4bbe0e196f64dd84f3b4432cc73b

ACCOUNT_4_ID = 0.0.11636
ACCOUNT_4_PRIVATE_KEY = 302e020100300506032b65700422042007981506ad8cba03366f8e4a33f84724ab3e002a8e55b181ebca9de21f524c66

ACCOUNT_5_ID = 0.0.11636
ACCOUNT_5_PRIVATE_KEY = 302e020100300506032b65700422042007981506ad8cba03366f8e4a33f84724ab3e002a8e55b181ebca9de21f524c66

